0.0000 0.4223 0.3037 0.3037 0.4223 0.4389 0.4389 0.4942 0.4389 0.4389 0.4389 0.6451 0.6451 0.6451 0.6451 1.0000 
0.7620 0.0000 0.3062 0.3062 0.3400 0.4351 0.4351 0.4562 0.4351 0.4351 0.4351 0.6384 0.6384 0.6384 0.6384 0.9948 
0.6581 0.3512 0.0000 0.3059 0.3512 0.4356 0.4356 0.4613 0.4356 0.4356 0.4356 0.6393 0.6393 0.6393 0.6393 0.9955 
0.6581 0.3512 0.3059 0.0000 0.3512 0.4356 0.4356 0.4613 0.4356 0.4356 0.4356 0.6393 0.6393 0.6393 0.6393 0.9955 
0.7620 0.3400 0.3062 0.3062 0.0000 0.4351 0.4351 0.4562 0.4351 0.4351 0.4351 0.6384 0.6384 0.6384 0.6384 0.9948 
0.7447 0.3744 0.3354 0.3354 0.3744 0.0000 0.3905 0.4104 0.3905 0.3905 0.3905 0.5608 0.5608 0.5608 0.5608 0.9337 
0.7447 0.3744 0.3354 0.3354 0.3744 0.3905 0.0000 0.4104 0.3905 0.3905 0.3905 0.5608 0.5608 0.5608 0.5608 0.9337 
0.7663 0.3730 0.3363 0.3363 0.3730 0.3891 0.3891 0.0000 0.3891 0.3891 0.3891 0.5584 0.5584 0.5584 0.5584 0.9318 
0.7447 0.3744 0.3354 0.3354 0.3744 0.3905 0.3905 0.4104 0.0000 0.3905 0.3905 0.5608 0.5608 0.5608 0.5608 0.9337 
0.7447 0.3744 0.3354 0.3354 0.3744 0.3905 0.3905 0.4104 0.3905 0.0000 0.3905 0.5608 0.5608 0.5608 0.5608 0.9337 
0.7447 0.3744 0.3354 0.3354 0.3744 0.3905 0.3905 0.4104 0.3905 0.3905 0.0000 0.5608 0.5608 0.5608 0.5608 0.9337 
0.7753 0.3938 0.3560 0.3560 0.3938 0.3991 0.3991 0.4180 0.3991 0.3991 0.3991 0.0000 0.5216 0.5216 0.5216 0.8370 
0.7753 0.3938 0.3560 0.3560 0.3938 0.3991 0.3991 0.4180 0.3991 0.3991 0.3991 0.5216 0.0000 0.5216 0.5216 0.8370 
0.7753 0.3938 0.3560 0.3560 0.3938 0.3991 0.3991 0.4180 0.3991 0.3991 0.3991 0.5216 0.5216 0.0000 0.5216 0.8370 
0.7753 0.3938 0.3560 0.3560 0.3938 0.3991 0.3991 0.4180 0.3991 0.3991 0.3991 0.5216 0.5216 0.5216 0.0000 0.8370 
0.7921 0.4186 0.3799 0.3799 0.4186 0.4140 0.4140 0.4328 0.4140 0.4140 0.4140 0.4940 0.4940 0.4940 0.4940 0.0000 
